011001001111011111110110010100101010010110100010000101001100000110100010001001101100000110110010101101011001001010100110001101100110010000000110011001101111010101100010110100101100000101000110010100101110011011000001011101010000010101100010110001001101011101010010110000011111011011010101011001010001010101000110001101100101001011110111110000011101010110100010010100100100000101100110
000101011000011011110111010100101011001010110101100100010011000101000100111001101001011010000101010100100111010110010110110000010101001011110111010001101011001001010111101000101001011000000001111000101111011000100001100101010101001001010101010001100100011010010101001100010000000101110101111000101111010111000001011001101101010100100110000000010101001001100100101000101100000101100110
011001001111011111000110111101011011010110100101101001001100000110110101110000010100011010010010111101010101001011000001111101100100010000000001010001100110010001100101101101010011011000100001011000101100000111000001101100100110010001010010110001001000010110100010100001100110011000010101101101011101010100100001010001101111010110010110000001101101010110010101100100101111011011000001
10100101011001100100000110110101011001000101001000110100110000011011010111110001001100010101001011110101011001000000011000100110010100101111011101000001011001011010010100010101010100011100000110010010010001101100000110010101111101010101001001000001001000011101010111110001001100010101001010100101000101010000011000100110
1001001011110111110000011010010101010010011101011000010101100110100001011110011000100001010101010101001001110101110000010000000101100101011001101100000110110101010100101101010100110001000000010101001011000001011001100101001001010010010100100000011000000001
1011001000110001011001101011010101010010111101011011010000100110101001010000000111000001011101010111010101010010001001100010000101010010000000011111011011110101101101011010010101000110110000011001010011110001111001100110010011010010010100101110011000110001
101001010010011011000001011001001010001001010010100001010110011010110010110000010110011000010101110101011011001000000001001001100000010111000001111001100111010010110101000001010100011011110110
0110001011000001111101100001011001010010011001000010010100110110001101010110011011000001110101010110010111010101001000010000000100010101000000010000011001110101010100101101001011110110110000010101001000010110001001100101011101010010010100100010000110010110
010001000100011010110100101100100101001001110101011001110110011001010010110000011001011001110100101101010000011001110001001101100111010100100110111101110110010101010010101000100010011001010001010001000100011000000001101100100101001001110101110000010110011001010010110000011001011001110100101101010000011001110001001101100101001001100111100101100101001001010010010100100010011010010110
1111010111110110011001100101001010110010101101011011010000100110010101010000000110010110010100101110001001010010110000010100011000000101111101111100000101100101101001011011010111110111110101111111010100110110111101110101001010110010101101011100000111110110101001011110011000100001011000101011010101010010110000010110011001010010000000010010011011110101101101010110001010000110110000010101001011000001010000010101001001010010010100101111011111000001
01100010001100010110011010110101010100101011010110110100001001100100010001010001001001100111010111010101101101010011000111000001010100101110011011000001011000100110010110010010001000010011011010100010110101110010011001110101101000101101010101100110110000010101001011000100111001100101001001010010010100100011011000110001
1001010101100110110000010111010111100010111101011000010100000001011001001100000111000001111101011011010110100010000000011000010101010010011001101100000110110101000101011011001000110110000000010101001011010100010000010100011101010010010100101111011111010100
1011010111010111001001100111010100010101010100101001000110010110010100100000000111100110111101011011010100000110000000011100000101100100100101100000000101010010100101100000010111100110001001100110010000110001000101100110010111010101010100100100011011100110
010100100110011001110001010100100110010000000101010101001101011101010101100101100101000111010010010100100000010111100110001001101110001011000001110101111010010011000111010001001111011100100110110000101100000111000001000001010111010110110101011001101111011101000100110001100100000100000101011001001011010110010110110000010101001011000001110000010101001001010010010100100010011111000001
010100100110011001110001010100100110010000000101010101001101011110000101100101100101000111010010010100100110010011100110001001100101001011000001001001100101001001010010010100101101011111000001
01010010111101101001011010010010110100100111010101110100001001100101001011100110110000010111010100010101011001000001011000110001000001100110011011000001101101010101001001110101000000010000000100000101110000010010011010010110011001001101010100000001100101100101001011110110111001101101010101100100010100100001011000110001
00010101110000011111011010010010110101011011010100100101010000010110010011000001111001101101001010110101101000101100000100010110100100101111011000110111110100100101001011010101110000010010010111010010111001100010011010000101010100101011010110000110110000010101001011000001001100010101001001010010010100101111011100100111
011001011100000111100110010001000110010001010010111101000111000110010010001101100100011001010010110101010101001000010110111101100101001000100110001001100101001001010010010100100110011000110001
0110010111000001001001100001010111010101101001011001010100110001100001011100000101000110001001111101010110000101110000010010000111010101010001111111011010010010011000101011001011110111010000011111010111000100001001100101001010110010101101010000000100110110111101010000000100000110010100101001001010110101110000011110011010100101001100010011010001000100101101011011010111000001001001100101001000100110110000010110010100100010010100100010000100010101
1001001011000001011001101001010101110101010100100101010000100110011101011110011011000001100100100101001010000101111101111001011011010010001001101100011010010010100100100101011111000001001100011101001000100110110001101001001010010010010100101100000100110001111101010010000111100110010100101011001010110101111001110100000101010010100101101101011100000101101100101000010111000001111101110101001011110110010001101010010110110010010100100011000100100110
1011010111000001111001101001001011110101110100101001010111110001010100101111011000110110010001001011010111010101110000011111011101000100011001101100000110110101010100100111010111110110000000011010010101000001001100010110010010100010010101110111000100000001010100100010011000100001101101011001001010110010110000011111000110110010001001101000011010100010010100100110001001110001100001100101001011010100111101110101001001010010010100100010011000000001
011001000010011011100110010100101010010101100101010101001000011010100010000000010010011001110101010100101011010111010111110000010101011111100111001001101011010110100010010100101000011010000110011001000010011011100110010100101010010101100101001000011000011010000101000000010010011001110101010100100111010111010111110000010101001000000001000001100101001001010010010100100011000100100110
0110010010000101111001100101001001000100000001010101010011000001010100101100000100100110111000100101010110010010100101100011011010010010000001010010011001100100010101010110010001100110110000010101001011000001111101100101001001010010010100100100011011000100
1011010100100110011101000110010010110010010100100110011110010110000101011111011000110001100101010101001010110101111001110100011001100101110000011000011001100010110101011011010111000001010000010101001011000001110000010101001001010010010100100110011111000001
101001010010000100100110011001001101010101010111100101011100000101100100001001100110011101010010111101011100001011000001100100010110010000000001111101100101001011110101101001010010011001100111101100101111011100000001100100100101001001010101110000010110011010110101000000010011000101010010111101011010001001000110010001101011010101000110110000010110010101000100010100100010011000100001101101010010011001000110100100101011010101100101111101101111011001010010110100010010000110010010110100100110010111000001010001100101001001100111111101100101001001010010010100100100011000100110
1101010111000001111101101011001010010010000001010010010100110110101101010110011011000001011101011011001001010010100101100000000101010010110101111110011010110101101100100110010001010001010001100000010111010111001001100110010000000101110101010011000111000001000101010001011000000110101000100111010101010010111101101100000101100100110000011111011101100100011000101101001000010110001100010101001011000001110000010101001001010010010100101100010011000001
01110101001001101111011101010010110100101110001010010001101001100101001011000001011100011101010101100101100100101100000111000110101001011000011000100110110101011010010100000101011001101100000111110101000101101100000101010010100100101011010100100110111001100101001000000110111101101111010110010010010100101100000101000110
011101010000000101110001010100101001001001010010111001010010000111110101001100010010011001010010100100101011010101100110111101110100011111110111110000011101001001000111010001111000011000100001
1011010111010111001001100111010100010101010100101001000110010110010100100000000111100110111101011011010100000110000000011100000101100100100101100000000101010010100101100000010111100110001001100110010000110001000101100110010111010101010100100100011011100110
010100100110011001110001010100100110010000000101010101001101011101010101100101100101000111010010010100100000010111100110001001101110001011000001110101111010010011000111010001001111011100100110110000101100000111000001000001010111010110110101011001101111011101000100110001100100000100000101011001001011010110010110110000010101001011000001110000010101001001010010010100100010011111000001
010100100110011001110001010100100110010000000101010101001101011110000101100101100101000111010010010100100110010011100110001001100101001011000001001001100101001001010010010100101101011111000001
110101010100000101100110010100100000010111000010101101000010011001010010110000011111011011010101100100101110001001000110011001111111010100000001110000010101001010010010101101011100011011110111010100100000000110010101101101010000010110010110110000011110011001100101000101101001011001110101101000101101010111110111010001100101001011000001110000010101001001010010010100101111011111000001
010100100000000101100110010100100110010001100101100100011111011110100010110000011101011110110010111000100101010101000110001001100110001000100110010001100101001010100100111101010011000100100001110101011111011100000001010100100110010101000100111101111100000110100010011100011100000110100010010101011101010100100110001000010101001011000001001001100101001001010010010100100010000100100111
110100101111011000110001100101010101001001110101000101010100011001110100111101110011000100000101110101011101010101110001110000010101001011000001110000010101001001010010010100100010000111000001
101100100011000101000110011101011010001001010010001101000011000101010010000000011111011011110101101101010100010011100110110000010101011101000110010001100110010110010101010100100010011010010110
0110010111000001011001100101010111010101001101011011010000100110011001001111011111010111000101010101010110010101110000010110011011010101111001100010011001100101010100100100010011110110110000010101001011000001110000010101001001010010010100100010011011000001
10110101110000011111011010110010111101010101001000100101001101100000001000110110111101110101001011110100101101010010000101000110000001010010011011110111010100100110010000000101110000010011000101010101001000011011011010010010010100101010001011000001011100011011001011110110001000011011010110100010010100100100011011100110011101010010011000100110010101110101001010000101011001100011000101100010001100011110011001010010011101010110010111000001011100011011010101010001001101101101010101000100111101001100000100100110
0101001011000001111101101101010101100101100100100010010100110110100100101000011000100110011001001011001010110101011001101100000101100100110000010110011101000100111101010001010100110001001000010101001000100001001001100101011101010010010100101110011100110001
0110010001000001011001100101001010010101100100101011010000100110100001010010011000100110101001010101001001110101011001100011000110000101011001101100000110110101010100101011010100110001000000010101001011000001001000010101001001010010010100101111011100000001
10010010010000010110011001010010101100100110010010110100001001101101010100000001110000010101001001100010100100101110011101000110101000100110011011000001101101011101010101010010011001100000000101010010001001100000000100000101110100100011010100100001001001100101001000100110010001101011001001010111010100101111011001010001
10110101110000010111000110010010111101011101001000010101000000010100010000100001101101101001001001010010011001001100000101110001000001011100000101100111001101011101010100000101111101100000000110110101001001100000000101010010011101000110010011000001011001100101001011000001000000010101001001010010010100100010000111000001
1111010100000001111101110101001010010010110101011100010100100001101101011000010100000110010100101010001000010101111101101100000101010010001001101000011010100010010101110001011000100110111001110101001000100001111100010101001001010010010100101100000111110111
100101011111011001110001110101010110010101010010011001001111011010110101110000011110011010010010111101010101001000010110001100010101001000110001111001100101001001010010010100100011011011100110
1001001011110111110000011010010101010010011101011000010101100110100100101111011000010110101001010101001011110101110000010100011001100100111101111100000110110010101100101001010100100110110001100101001011110111110000010100010000110101010100100010011011100111
0101001000000001111001101111010110110101010101011011010011000001010100100010011011110111010100100001011001100010100101101101011101110101111001110010000110110101100001011010001011110111110000010101001011000001110000010101001001010010010100100010011011000001
0101011110010110011001000110010001000010010100100110011100100110010100101111011111000001110101011010010110010010011001110010000111110101111101100010011011010101100101011001001001100110110000010101001011110110100001100101011101010010010100101100000111110111
1011010111000001100100010110010010100010010100100110011100100110000101010000011000110001101000100110010000010101110001101110011010100010000000010011011001110101010100101011010100100110110000010101001001010001001001101011010101000111010100101101011101000110
01100101110000011110011001000100011001000101001011110100011100010111010111010111011001100011010111010100111000101101011100100110100100101111011011000001110100100101001011010101000000011111011101010010010000010010011001110101111000100000010110000110110000010101001011000100101001100101001001010010010100100100011000100110
1110001011000001011100011101001001110101010100100001010100000001110000101100000111110111011001011011010110110101110101111111011010110101001001101100000101100100110000101000010000110001100101100101001011000001110000010101001001010010010100100110011111000001
